# 글자 빈도 계산 결과
# input_file	../data/korean_dictionary/words.txt
# total_chars	1551565
# unique_chars	2450
# newlines	420309
# out_of_range	0
#
# rank	char	count	percent
1	다	76241	4.913813
2	하	48158	3.103834
3	이	25670	1.654459
4	기	25462	1.641053
5	리	23920	1.541669
6	지	19062	1.228566
7	사	17600	1.134339
8	자	15418	0.993706
9	대	14854	0.957356
10	수	13655	0.880079
11	가	12270	0.790814
12	전	11188	0.721078
13	도	10907	0.702968
14	스	10570	0.681248
15	시	10089	0.650247
16	무	9969	0.642513
17	장	9874	0.636390
18	화	9788	0.630847
19	정	9761	0.629107
20	비	9638	0.621179
21	부	9355	0.602940
22	성	9297	0.599201
23	고	9238	0.595399
24	소	9150	0.589727
25	구	9128	0.588309
26	아	9079	0.585151
27	상	8997	0.579866
28	주	8902	0.573743
29	동	8602	0.554408
30	산	8551	0.551121
31	조	8543	0.550605
32	거	8497	0.547641
33	제	8223	0.529981
34	물	7596	0.489570
35	나	7183	0.462952
36	어	7158	0.461341
37	적	7157	0.461276
38	공	7145	0.460503
39	인	7030	0.453091
40	유	7002	0.451286
41	선	6983	0.450062
42	로	6771	0.436398
43	치	6623	0.426859
44	계	6401	0.412551
45	의	6305	0.406364
46	방	6296	0.405784
47	보	6272	0.404237
48	신	6249	0.402755
49	마	6227	0.401337
50	미	6088	0.392378
51	경	5878	0.378843
52	르	5768	0.371754
53	오	5747	0.370400
54	우	5737	0.369756
55	개	5629	0.362795
56	관	5555	0.358026
57	원	5531	0.356479
58	연	5507	0.354932
59	일	5497	0.354287
60	라	5404	0.348293
61	레	5377	0.346553
62	문	5224	0.336692
63	모	5195	0.334823
64	식	5129	0.330569
65	되	5114	0.329603
66	단	5113	0.329538
67	질	5087	0.327863
68	불	5063	0.326316
69	중	5063	0.326316
70	세	5048	0.325349
71	학	5012	0.323029
72	법	5011	0.322964
73	바	4951	0.319097
74	트	4900	0.315810
75	반	4816	0.310396
76	금	4740	0.305498
77	음	4518	0.291190
78	분	4507	0.290481
79	호	4480	0.288741
80	서	4479	0.288676
81	재	4468	0.287967
82	위	4453	0.287001
83	회	4423	0.285067
84	파	4396	0.283327
85	양	4381	0.282360
86	진	4352	0.280491
87	발	4322	0.278557
88	국	4264	0.274819
89	생	4206	0.271081
90	드	4167	0.268568
91	실	4112	0.265023
92	해	4080	0.262960
93	그	4055	0.261349
94	교	4041	0.260447
95	간	4038	0.260253
96	배	3990	0.257160
97	차	3898	0.251230
98	감	3866	0.249168
99	포	3836	0.247234
100	통	3801	0.244978
101	강	3784	0.243883
102	천	3769	0.242916
103	체	3763	0.242529
104	석	3757	0.242143
105	두	3705	0.238791
106	과	3666	0.236278
107	당	3666	0.236278
108	종	3643	0.234795
109	용	3618	0.233184
110	안	3559	0.229381
111	각	3481	0.224354
112	작	3406	0.219520
113	심	3394	0.218747
114	명	3379	0.217780
115	노	3353	0.216104
116	초	3341	0.215331
117	증	3337	0.215073
118	형	3313	0.213526
119	히	3250	0.209466
120	매	3248	0.209337
121	내	3218	0.207403
122	광	3214	0.207146
123	영	3185	0.205277
124	판	3116	0.200829
125	절	3065	0.197542
126	군	3034	0.195544
127	타	3021	0.194707
128	행	3017	0.194449
129	삼	3014	0.194255
130	복	3008	0.193869
131	속	2968	0.191291
132	니	2952	0.190260
133	토	2950	0.190131
134	근	2945	0.189808
135	목	2931	0.188906
136	합	2924	0.188455
137	피	2872	0.185103
138	설	2866	0.184717
139	루	2856	0.184072
140	병	2856	0.184072
141	은	2840	0.183041
142	한	2821	0.181816
143	저	2808	0.180979
144	청	2797	0.180270
145	락	2766	0.178272
146	박	2758	0.177756
147	름	2732	0.176080
148	등	2720	0.175307
149	직	2701	0.174082
150	염	2695	0.173696
151	면	2683	0.172922
152	역	2682	0.172858
153	살	2653	0.170989
154	만	2646	0.170537
155	여	2639	0.170086
156	프	2637	0.169957
157	들	2601	0.167637
158	약	2592	0.167057
159	래	2587	0.166735
160	집	2584	0.166542
161	크	2575	0.165961
162	에	2568	0.165510
163	색	2524	0.162674
164	권	2522	0.162546
165	력	2501	0.161192
166	백	2441	0.157325
167	업	2440	0.157261
168	망	2430	0.156616
169	추	2427	0.156423
170	류	2419	0.155907
171	표	2413	0.155520
172	랑	2397	0.154489
173	열	2386	0.153780
174	림	2382	0.153522
175	운	2351	0.151524
176	벌	2340	0.150815
177	민	2304	0.148495
178	결	2303	0.148431
179	새	2299	0.148173
180	환	2257	0.145466
181	돌	2252	0.145144
182	량	2243	0.144564
183	요	2234	0.143984
184	건	2233	0.143919
185	변	2223	0.143275
186	독	2217	0.142888
187	점	2212	0.142566
188	입	2184	0.140761
189	외	2180	0.140503
190	창	2180	0.140503
191	디	2176	0.140245
192	임	2173	0.140052
193	막	2168	0.139730
194	후	2166	0.139601
195	말	2144	0.138183
196	송	2119	0.136572
197	출	2109	0.135927
198	덕	2097	0.135154
199	태	2089	0.134638
200	예	2080	0.134058
201	채	2077	0.133865
202	야	2073	0.133607
203	알	2068	0.133285
204	달	2052	0.132254
205	귀	2045	0.131802
206	평	2041	0.131545
207	철	2023	0.130384
208	탄	2000	0.128902
209	카	1999	0.128838
210	러	1948	0.125551
211	애	1946	0.125422
212	황	1926	0.124133
213	급	1915	0.123424
214	봉	1888	0.121684
215	버	1868	0.120395
216	격	1862	0.120008
217	갈	1845	0.118912
218	풍	1843	0.118783
219	항	1824	0.117559
220	극	1817	0.117108
221	투	1809	0.116592
222	코	1804	0.116270
223	현	1796	0.115754
224	악	1790	0.115367
225	육	1783	0.114916
226	론	1773	0.114272
227	령	1772	0.114207
228	축	1768	0.113949
229	골	1767	0.113885
230	머	1741	0.112209
231	술	1741	0.112209
232	순	1739	0.112080
233	글	1725	0.111178
234	죽	1719	0.110791
235	언	1711	0.110276
236	승	1709	0.110147
237	곡	1706	0.109953
238	터	1704	0.109825
239	왕	1674	0.107891
240	접	1658	0.106860
241	족	1651	0.106409
242	티	1642	0.105829
243	침	1634	0.105313
244	편	1633	0.105249
245	손	1616	0.104153
246	메	1602	0.103251
247	허	1601	0.103186
248	검	1600	0.103122
249	풀	1583	0.102026
250	본	1581	0.101897
251	담	1574	0.101446
252	남	1561	0.100608
253	닥	1555	0.100221
254	암	1554	0.100157
255	록	1550	0.099899
256	충	1537	0.099061
257	누	1536	0.098997
258	난	1531	0.098675
259	밀	1500	0.096677
260	향	1499	0.096612
261	란	1492	0.096161
262	렁	1464	0.094356
263	득	1456	0.093841
264	취	1453	0.093647
265	압	1451	0.093518
266	울	1434	0.092423
267	줄	1427	0.091972
268	농	1411	0.090940
269	별	1393	0.089780
270	꽃	1377	0.088749
271	탈	1364	0.087911
272	굴	1363	0.087847
273	처	1360	0.087653
274	둥	1359	0.087589
275	궁	1338	0.086236
276	베	1330	0.085720
277	온	1323	0.085269
278	게	1322	0.085204
279	까	1320	0.085075
280	옥	1315	0.084753
281	련	1307	0.084238
282	총	1295	0.083464
283	잡	1292	0.083271
284	참	1288	0.083013
285	테	1286	0.082884
286	월	1281	0.082562
287	좌	1271	0.081917
288	날	1268	0.081724
289	더	1264	0.081466
290	료	1264	0.081466
291	품	1261	0.081273
292	패	1260	0.081208
293	쟁	1232	0.079404
294	눈	1215	0.078308
295	립	1215	0.078308
296	견	1214	0.078244
297	팔	1211	0.078050
298	럽	1208	0.077857
299	혼	1205	0.077664
300	데	1202	0.077470
301	응	1202	0.077470
302	준	1195	0.077019
303	착	1192	0.076826
304	함	1186	0.076439
305	람	1169	0.075343
306	린	1150	0.074119
307	범	1137	0.073281
308	활	1132	0.072959
309	려	1121	0.072250
310	네	1112	0.071670
311	길	1107	0.071347
312	브	1105	0.071218
313	번	1103	0.071090
314	혈	1091	0.070316
315	꼬	1077	0.069414
316	탕	1073	0.069156
317	걸	1072	0.069092
318	와	1070	0.068963
319	찰	1069	0.068898
320	쇠	1066	0.068705
321	룩	1061	0.068383
322	북	1061	0.068383
323	씨	1060	0.068318
324	험	1058	0.068189
325	례	1054	0.067931
326	폐	1053	0.067867
327	끼	1047	0.067480
328	슬	1047	0.067480
329	년	1043	0.067222
330	능	1038	0.066900
331	액	1036	0.066771
332	김	1034	0.066642
333	습	1034	0.066642
334	필	1027	0.066191
335	효	1025	0.066062
336	층	1024	0.065998
337	홍	1012	0.065224
338	잠	1009	0.065031
339	척	1006	0.064838
340	숙	1005	0.064773
341	얼	1005	0.064773
342	덩	986	0.063549
343	균	978	0.063033
344	벽	978	0.063033
345	희	974	0.062775
346	잔	972	0.062646
347	맥	966	0.062260
348	페	960	0.061873
349	삭	959	0.061809
350	책	958	0.061744
351	완	936	0.060326
352	측	931	0.060004
353	키	928	0.059811
354	럭	923	0.059488
355	탁	923	0.059488
356	칠	908	0.058522
357	섬	900	0.058006
358	올	898	0.057877
359	규	895	0.057684
360	푸	894	0.057619
361	협	892	0.057490
362	털	870	0.056072
363	할	867	0.055879
364	폭	866	0.055815
365	빈	855	0.055106
366	너	850	0.054783
367	괴	842	0.054268
368	쌍	841	0.054203
369	납	838	0.054010
370	먹	836	0.053881
371	십	836	0.053881
372	죄	832	0.053623
373	뒤	831	0.053559
374	칼	820	0.052850
375	늘	806	0.051948
376	잎	804	0.051819
377	맹	795	0.051239
378	플	793	0.051110
379	꾸	783	0.050465
380	갑	781	0.050336
381	앙	779	0.050207
382	쇄	777	0.050078
383	긋	770	0.049627
384	롱	770	0.049627
385	찌	769	0.049563
386	특	766	0.049370
387	뜨	761	0.049047
388	칙	760	0.048983
389	놀	752	0.048467
390	움	748	0.048209
391	익	742	0.047823
392	싸	740	0.047694
393	촉	740	0.047694
394	몰	739	0.047629
395	떡	730	0.047049
396	몽	729	0.046985
397	친	729	0.046985
398	퇴	726	0.046791
399	깨	721	0.046469
400	낙	717	0.046211
401	딱	712	0.045889
402	릉	711	0.045825
403	큰	711	0.045825
404	휘	708	0.045631
405	엄	706	0.045502
406	묘	696	0.044858
407	존	695	0.044793
408	낭	694	0.044729
409	률	693	0.044665
410	틀	693	0.044665
411	맞	687	0.044278
412	꺼	685	0.044149
413	논	685	0.044149
414	엽	684	0.044085
415	율	684	0.044085
416	찬	678	0.043698
417	징	676	0.043569
418	윤	672	0.043311
419	솔	671	0.043247
420	클	664	0.042796
421	즈	659	0.042473
422	볼	655	0.042215
423	따	653	0.042087
424	헤	652	0.042022
425	최	651	0.041958
426	돈	649	0.041829
427	녀	646	0.041635
428	녹	645	0.041571
429	밥	641	0.041313
430	빙	638	0.041120
431	답	636	0.040991
432	케	636	0.040991
433	객	631	0.040669
434	밤	628	0.040475
435	흥	625	0.040282
436	곤	620	0.039960
437	른	615	0.039637
438	륙	608	0.039186
439	숭	605	0.038993
440	짐	605	0.038993
441	탐	605	0.038993
442	뚝	603	0.038864
443	짝	603	0.038864
444	념	600	0.038671
445	욕	600	0.038671
446	꾼	599	0.038606
447	뇌	595	0.038348
448	끈	589	0.037962
449	훈	589	0.037962
450	으	587	0.037833
451	커	586	0.037768
452	핵	583	0.037575
453	묵	580	0.037382
454	블	578	0.037253
455	깃	576	0.037124
456	졸	575	0.037059
457	콩	569	0.036673
458	헌	569	0.036673
459	렬	564	0.036350
460	퍼	564	0.036350
461	냉	557	0.035899
462	첩	557	0.035899
463	긴	555	0.035770
464	택	548	0.035319
465	랭	545	0.035126
466	릿	544	0.035061
467	짜	543	0.034997
468	때	539	0.034739
469	억	539	0.034739
470	잘	537	0.034610
471	을	531	0.034224
472	쥐	529	0.034095
473	는	526	0.033901
474	칭	524	0.033772
475	뿌	522	0.033643
476	흑	517	0.033321
477	짓	515	0.033192
478	촌	515	0.033192
479	옹	514	0.033128
480	느	510	0.032870
481	첨	510	0.032870
482	덜	507	0.032677
483	둑	507	0.032677
484	홀	501	0.032290
485	뚜	498	0.032097
486	멍	494	0.031839
487	탑	492	0.031710
488	받	490	0.031581
489	춘	488	0.031452
490	빠	480	0.030937
491	쩍	480	0.030937
492	쭉	477	0.030743
493	융	473	0.030485
494	휴	471	0.030356
495	춤	468	0.030163
496	흐	467	0.030099
497	늬	465	0.029970
498	벼	464	0.029905
499	띠	460	0.029647
500	확	460	0.029647
501	륵	458	0.029519
502	뢰	456	0.029390
503	붙	454	0.029261
504	흡	453	0.029196
505	땅	452	0.029132
506	멸	452	0.029132
507	밭	452	0.029132
508	웅	450	0.029003
509	붕	449	0.028939
510	흰	448	0.028874
511	갱	445	0.028681
512	쿠	445	0.028681
513	빛	442	0.028487
514	쪽	441	0.028423
515	웃	440	0.028358
516	혁	439	0.028294
517	렌	434	0.027972
518	빼	429	0.027650
519	없	429	0.027650
520	획	428	0.027585
521	섭	427	0.027521
522	궤	425	0.027392
523	륜	421	0.027134
524	빗	419	0.027005
525	링	417	0.026876
526	앞	415	0.026747
527	룡	413	0.026618
528	뼈	410	0.026425
529	슴	403	0.025974
530	혜	401	0.025845
531	쌀	400	0.025780
532	뿔	397	0.025587
533	슈	396	0.025523
534	겁	392	0.025265
535	곱	392	0.025265
536	딸	391	0.025200
537	끄	390	0.025136
538	굿	389	0.025071
539	떼	389	0.025071
540	겨	385	0.024814
541	좀	385	0.024814
542	끗	379	0.024427
543	듬	379	0.024427
544	깔	378	0.024362
545	겹	377	0.024298
546	워	376	0.024234
547	꼴	375	0.024169
548	왜	374	0.024105
549	삐	373	0.024040
550	똥	369	0.023782
551	폴	368	0.023718
552	쑥	367	0.023654
553	흉	367	0.023654
554	널	363	0.023396
555	략	360	0.023202
556	혹	360	0.023202
557	벅	356	0.022945
558	벙	355	0.022880
559	콜	352	0.022687
560	뚱	350	0.022558
561	렴	350	0.022558
562	곰	344	0.022171
563	깍	344	0.022171
564	뒷	341	0.021978
565	걱	340	0.021913
566	굽	334	0.021527
567	엔	333	0.021462
568	흙	333	0.021462
569	끔	332	0.021398
570	밑	330	0.021269
571	둔	328	0.021140
572	퉁	328	0.021140
573	겸	327	0.021075
574	님	326	0.021011
575	떨	326	0.021011
576	옷	326	0.021011
577	엉	325	0.020947
578	룽	322	0.020753
579	짤	321	0.020689
580	겅	320	0.020624
581	섯	318	0.020495
582	먼	317	0.020431
583	츠	317	0.020431
584	싹	314	0.020238
585	톱	314	0.020238
586	겉	313	0.020173
587	둘	313	0.020173
588	뱅	312	0.020109
589	댕	311	0.020044
590	덧	309	0.019915
591	빨	309	0.019915
592	횡	309	0.019915
593	덤	308	0.019851
594	붓	307	0.019786
595	쓰	307	0.019786
596	즉	307	0.019786
597	옴	305	0.019658
598	잉	304	0.019593
599	잇	300	0.019335
600	틸	300	0.019335
601	멀	295	0.019013
602	션	295	0.019013
603	륨	294	0.018949
604	몬	293	0.018884
605	읍	293	0.018884
606	퀴	293	0.018884
607	흘	292	0.018820
608	떠	291	0.018755
609	콘	289	0.018626
610	뎅	287	0.018497
611	갓	285	0.018369
612	몸	284	0.018304
613	런	283	0.018240
614	닐	281	0.018111
615	닭	280	0.018046
616	힘	279	0.017982
617	삽	273	0.017595
618	쪼	273	0.017595
619	턱	273	0.017595
620	찍	268	0.017273
621	팽	267	0.017208
622	흔	266	0.017144
623	싱	265	0.017080
624	썩	265	0.017080
625	꺽	261	0.016822
626	넘	260	0.016757
627	젓	259	0.016693
628	뭇	258	0.016628
629	쩔	258	0.016628
630	롬	257	0.016564
631	젖	257	0.016564
632	럼	256	0.016499
633	샘	254	0.016371
634	랍	253	0.016306
635	못	252	0.016242
636	궐	248	0.015984
637	뭉	248	0.015984
638	헛	248	0.015984
639	끌	247	0.015919
640	즘	247	0.015919
641	께	244	0.015726
642	뻐	244	0.015726
643	엇	242	0.015597
644	곁	241	0.015533
645	냥	241	0.015533
646	롤	241	0.015533
647	멘	241	0.015533
648	뜰	236	0.015210
649	붉	235	0.015146
650	센	235	0.015146
651	뜩	234	0.015082
652	칸	232	0.014953
653	괘	231	0.014888
654	욱	231	0.014888
655	캐	230	0.014824
656	엘	229	0.014759
657	릇	227	0.014630
658	째	225	0.014501
659	끝	224	0.014437
660	웨	224	0.014437
661	턴	224	0.014437
662	숫	223	0.014373
663	깡	221	0.014244
664	텔	221	0.014244
665	값	219	0.014115
666	맛	219	0.014115
667	싯	219	0.014115
668	쾌	218	0.014050
669	홈	218	0.014050
670	랜	217	0.013986
671	쉬	217	0.013986
672	톤	216	0.013921
673	꿀	215	0.013857
674	꿈	215	0.013857
675	벨	215	0.013857
676	늄	214	0.013793
677	또	213	0.013728
678	롭	213	0.013728
679	쿵	212	0.013664
680	흠	212	0.013664
681	갯	210	0.013535
682	템	209	0.013470
683	핀	209	0.013470
684	샤	208	0.013406
685	뉴	207	0.013341
686	릴	206	0.013277
687	숨	206	0.013277
688	뛰	205	0.013212
689	왈	204	0.013148
690	뽀	203	0.013084
691	곳	202	0.013019
692	헐	200	0.012890
693	펄	199	0.012826
694	쌈	198	0.012761
695	칫	198	0.012761
696	껍	194	0.012504
697	꼭	194	0.012504
698	솜	194	0.012504
699	엠	194	0.012504
700	램	191	0.012310
701	틴	191	0.012310
702	넓	189	0.012181
703	쭈	189	0.012181
704	같	187	0.012052
705	앵	185	0.011923
706	풋	185	0.011923
707	빵	182	0.011730
708	것	181	0.011666
709	뇨	180	0.011601
710	쓸	180	0.011601
711	훌	179	0.011537
712	낚	178	0.011472
713	던	178	0.011472
714	랫	177	0.011408
715	빌	177	0.011408
716	곽	176	0.011343
717	높	175	0.011279
718	든	175	0.011279
719	앉	170	0.010957
720	톨	170	0.010957
721	긍	168	0.010828
722	쇼	167	0.010763
723	놓	166	0.010699
724	찔	166	0.010699
725	벤	165	0.010634
726	셔	165	0.010634
727	써	165	0.010634
728	팥	164	0.010570
729	혀	164	0.010570
730	봄	163	0.010506
731	칵	163	0.010506
732	푼	163	0.010506
733	냐	162	0.010441
734	껑	161	0.010377
735	맨	161	0.010377
736	깜	160	0.010312
737	씬	158	0.010183
738	펜	158	0.010183
739	괄	157	0.010119
740	짚	157	0.010119
741	힐	157	0.010119
742	깐	156	0.010054
743	뱀	156	0.010054
744	쿨	156	0.010054
745	똑	155	0.009990
746	밋	154	0.009925
747	팅	153	0.009861
748	딘	152	0.009797
749	엿	152	0.009797
750	셈	151	0.009732
751	찜	151	0.009732
752	뽕	150	0.009668
753	촬	150	0.009668
754	렵	149	0.009603
755	캉	149	0.009603
756	셀	148	0.009539
757	젠	148	0.009539
758	돼	147	0.009474
759	큼	147	0.009474
760	윗	146	0.009410
761	폰	146	0.009410
762	슨	145	0.009345
763	훼	145	0.009345
764	닫	144	0.009281
765	딩	144	0.009281
766	믈	144	0.009281
767	컬	144	0.009281
768	닉	142	0.009152
769	팡	142	0.009152
770	꿍	141	0.009088
771	얄	141	0.009088
772	뻘	140	0.009023
773	첫	140	0.009023
774	굼	139	0.008959
775	늦	139	0.008959
776	듯	139	0.008959
777	즙	139	0.008959
778	핍	139	0.008959
779	겐	138	0.008894
780	짱	137	0.008830
781	펀	137	0.008830
782	뜻	136	0.008765
783	꼼	135	0.008701
784	녕	135	0.008701
785	멜	135	0.008701
786	컹	134	0.008636
787	듭	133	0.008572
788	앗	133	0.008572
789	튀	133	0.008572
790	홑	132	0.008508
791	씰	131	0.008443
792	컥	131	0.008443
793	핑	131	0.008443
794	늑	130	0.008379
795	엑	130	0.008379
796	줌	130	0.008379
797	옆	128	0.008250
798	딴	127	0.008185
799	렛	127	0.008185
800	삿	127	0.008185
801	쏘	127	0.008185
802	쩌	127	0.008185
803	덴	126	0.008121
804	뜸	126	0.008121
805	빡	126	0.008121
806	깥	125	0.008056
807	꼽	125	0.008056
808	뻑	125	0.008056
809	컴	125	0.008056
810	뚤	124	0.007992
811	랄	124	0.007992
812	탱	124	0.007992
813	텐	124	0.007992
814	슘	123	0.007927
815	낮	122	0.007863
816	즐	122	0.007863
817	팍	122	0.007863
818	컨	121	0.007799
819	돔	120	0.007734
820	딜	120	0.007734
821	벗	120	0.007734
822	쌔	119	0.007670
823	킹	119	0.007670
824	펠	119	0.007670
825	놈	117	0.007541
826	잣	117	0.007541
827	휼	117	0.007541
828	껄	116	0.007476
829	꽁	116	0.007476
830	닌	116	0.007476
831	굳	115	0.007412
832	눌	115	0.007412
833	셰	115	0.007412
834	슥	115	0.007412
835	녁	114	0.007347
836	킬	113	0.007283
837	늠	112	0.007219
838	닝	112	0.007219
839	긔	111	0.007154
840	넙	111	0.007154
841	쫄	111	0.007154
842	혐	111	0.007154
843	굉	110	0.007090
844	쳐	110	0.007090
845	땀	109	0.007025
846	뾰	109	0.007025
847	룸	108	0.006961
848	므	108	0.006961
849	쭐	107	0.006896
850	넌	106	0.006832
851	델	106	0.006832
852	땡	106	0.006832
853	챙	106	0.006832
854	켓	106	0.006832
855	낫	105	0.006767
856	된	105	0.006767
857	샛	105	0.006767
858	왁	105	0.006767
859	쭝	104	0.006703
860	곧	103	0.006638
861	덮	103	0.006638
862	를	103	0.006638
863	뱃	103	0.006638
864	뺑	103	0.006638
865	숲	103	0.006638
866	걷	102	0.006574
867	릅	102	0.006574
868	뜬	99	0.006381
869	뻔	99	0.006381
870	썽	99	0.006381
871	젤	99	0.006381
872	좁	99	0.006381
873	펌	99	0.006381
874	꾀	98	0.006316
875	썰	98	0.006316
876	켈	98	0.006316
877	꽂	97	0.006252
878	빤	97	0.006252
879	쏠	97	0.006252
880	쑤	97	0.006252
881	젱	97	0.006252
882	텅	97	0.006252
883	귤	96	0.006187
884	돋	96	0.006187
885	뻥	96	0.006187
886	췌	96	0.006187
887	꺾	95	0.006123
888	댓	95	0.006123
889	며	95	0.006123
890	멱	95	0.006123
891	빚	95	0.006123
892	톡	95	0.006123
893	랙	94	0.006058
894	렉	94	0.006058
895	쏙	94	0.006058
896	넉	93	0.005994
897	밍	93	0.005994
898	봇	92	0.005929
899	튼	91	0.005865
900	뮴	90	0.005801
901	얘	90	0.005801
902	펙	89	0.005736
903	밸	88	0.005672
904	걀	87	0.005607
905	밴	87	0.005607
906	찐	87	0.005607
907	픽	87	0.005607
908	갖	86	0.005543
909	삥	86	0.005543
910	삯	86	0.005543
911	쌓	86	0.005543
912	틈	86	0.005543
913	퍽	86	0.005543
914	폄	86	0.005543
915	햇	86	0.005543
916	쫑	85	0.005478
917	헬	85	0.005478
918	꽈	84	0.005414
919	꿩	84	0.005414
920	솟	84	0.005414
921	갸	83	0.005349
922	깝	83	0.005349
923	깽	83	0.005349
924	괭	82	0.005285
925	댁	82	0.005285
926	똘	82	0.005285
927	멧	82	0.005285
928	퓨	82	0.005285
929	눅	81	0.005221
930	솥	81	0.005221
931	콤	81	0.005221
932	릭	80	0.005156
933	뽈	80	0.005156
934	쨍	80	0.005156
935	큐	80	0.005156
936	킨	80	0.005156
937	틱	79	0.005092
938	댐	78	0.005027
939	땜	78	0.005027
940	닻	77	0.004963
941	릎	77	0.004963
942	빔	77	0.004963
943	엎	77	0.004963
944	왼	77	0.004963
945	켜	77	0.004963
946	툭	77	0.004963
947	둠	76	0.004898
948	뙤	76	0.004898
949	랗	76	0.004898
950	륭	76	0.004898
951	쐐	76	0.004898
952	져	76	0.004898
953	낱	75	0.004834
954	샐	75	0.004834
955	렇	74	0.004769
956	섞	74	0.004769
957	뉘	73	0.004705
958	맵	73	0.004705
959	줏	73	0.004705
960	펑	71	0.004576
961	핏	71	0.004576
962	깎	70	0.004512
963	껌	70	0.004512
964	놋	70	0.004512
965	벡	70	0.004512
966	얽	70	0.004512
967	툴	70	0.004512
968	겔	69	0.004447
969	덥	69	0.004447
970	묻	69	0.004447
971	볶	69	0.004447
972	텁	69	0.004447
973	팬	69	0.004447
974	뀌	68	0.004383
975	룻	68	0.004383
976	셋	68	0.004383
977	쓱	68	0.004383
978	뗑	67	0.004318
979	옵	67	0.004318
980	훤	67	0.004318
981	댄	66	0.004254
982	돗	66	0.004254
983	뤼	66	0.004254
984	멈	66	0.004254
985	씽	66	0.004254
986	짬	66	0.004254
987	듣	65	0.004189
988	렝	65	0.004189
989	볏	65	0.004189
990	캄	65	0.004189
991	끽	64	0.004125
992	묶	64	0.004125
993	넬	63	0.004060
994	뜯	63	0.004060
995	쌩	63	0.004060
996	긁	62	0.003996
997	꽝	62	0.003996
998	맷	62	0.003996
999	밧	62	0.003996
1000	섶	62	0.003996
1001	짠	62	0.003996
1002	닷	61	0.003932
1003	잦	61	0.003932
1004	콧	61	0.003932
1005	뮤	60	0.003867
1006	팀	60	0.003867
1007	힌	60	0.003867
1008	꾹	59	0.003803
1009	냄	59	0.003803
1010	넣	59	0.003803
1011	갤	58	0.003738
1012	궂	58	0.003738
1013	귓	58	0.003738
1014	슷	57	0.003674
1015	찡	57	0.003674
1016	닛	56	0.003609
1017	닦	56	0.003609
1018	닿	56	0.003609
1019	왱	56	0.003609
1020	죠	56	0.003609
1021	훔	56	0.003609
1022	꿰	55	0.003545
1023	뿍	55	0.003545
1024	앤	55	0.003545
1025	얌	55	0.003545
1026	잿	55	0.003545
1027	켄	55	0.003545
1028	밈	54	0.003480
1029	벵	54	0.003480
1030	씀	54	0.003480
1031	씻	54	0.003480
1032	룰	53	0.003416
1033	뷰	53	0.003416
1034	샌	53	0.003416
1035	잴	53	0.003416
1036	쩡	53	0.003416
1037	헥	53	0.003416
1038	깊	52	0.003351
1039	꿉	52	0.003351
1040	듸	52	0.003351
1041	띄	52	0.003351
1042	쁘	52	0.003351
1043	엣	52	0.003351
1044	윈	52	0.003351
1045	꺄	51	0.003287
1046	꼰	51	0.003287
1047	딕	51	0.003287
1048	렐	51	0.003287
1049	렷	51	0.003287
1050	룹	51	0.003287
1051	뽐	51	0.003287
1052	쑹	51	0.003287
1053	촐	51	0.003287
1054	칩	51	0.003287
1055	툼	51	0.003287
1056	겟	50	0.003223
1057	랴	50	0.003223
1058	넝	49	0.003158
1059	늙	49	0.003158
1060	쉐	49	0.003158
1061	슭	49	0.003158
1062	껴	48	0.003094
1063	낳	48	0.003094
1064	뜀	48	0.003094
1065	멋	48	0.003094
1066	샅	48	0.003094
1067	쌜	48	0.003094
1068	웽	48	0.003094
1069	튜	48	0.003094
1070	겡	47	0.003029
1071	낯	47	0.003029
1072	맏	47	0.003029
1073	믹	47	0.003029
1074	뷔	47	0.003029
1075	숯	47	0.003029
1076	쟈	47	0.003029
1077	푹	47	0.003029
1078	맺	46	0.002965
1079	멩	46	0.002965
1080	밟	46	0.002965
1081	짧	46	0.002965
1082	냇	45	0.002900
1083	뎌	45	0.002900
1084	럴	45	0.002900
1085	맘	45	0.002900
1086	뵈	45	0.002900
1087	뻗	45	0.002900
1088	뼛	45	0.002900
1089	옮	45	0.002900
1090	쯔	45	0.002900
1091	킥	45	0.002900
1092	뫼	44	0.002836
1093	쎄	44	0.002836
1094	앓	44	0.002836
1095	굵	43	0.002771
1096	꽹	43	0.002771
1097	낌	43	0.002771
1098	듐	43	0.002771
1099	롯	43	0.002771
1100	윷	43	0.002771
1101	쩽	43	0.002771
1102	텍	43	0.002771
1103	핫	43	0.002771
1104	헝	43	0.002771
1105	껏	42	0.002707
1106	눔	42	0.002707
1107	셜	42	0.002707
1108	캘	42	0.002707
1109	픈	42	0.002707
1110	횟	42	0.002707
1111	끓	41	0.002642
1112	듀	41	0.002642
1113	샹	41	0.002642
1114	숟	41	0.002642
1115	윽	41	0.002642
1116	쥬	41	0.002642
1117	콕	41	0.002642
1118	킴	41	0.002642
1119	팩	41	0.002642
1120	돛	40	0.002578
1121	멕	40	0.002578
1122	벳	40	0.002578
1123	볕	40	0.002578
1124	뻬	40	0.002578
1125	뿐	40	0.002578
1126	깻	39	0.002514
1127	맑	39	0.002514
1128	벋	39	0.002514
1129	썹	39	0.002514
1130	줴	39	0.002514
1131	쯤	39	0.002514
1132	킷	39	0.002514
1133	핼	39	0.002514
1134	딧	38	0.002449
1135	뽑	38	0.002449
1136	삶	38	0.002449
1137	잖	38	0.002449
1138	찮	38	0.002449
1139	팝	38	0.002449
1140	녘	37	0.002385
1141	뚫	37	0.002385
1142	빅	37	0.002385
1143	앍	37	0.002385
1144	쩨	37	0.002385
1145	쳉	37	0.002385
1146	텀	37	0.002385
1147	폿	37	0.002385
1148	낄	36	0.002320
1149	땍	36	0.002320
1150	뺀	36	0.002320
1151	엌	36	0.002320
1152	톰	36	0.002320
1153	펴	36	0.002320
1154	퐁	36	0.002320
1155	핸	36	0.002320
1156	곶	35	0.002256
1157	딤	35	0.002256
1158	렘	35	0.002256
1159	뿟	35	0.002256
1160	셍	35	0.002256
1161	쟝	35	0.002256
1162	찹	35	0.002256
1163	컷	35	0.002256
1164	콰	35	0.002256
1165	헨	35	0.002256
1166	낟	34	0.002191
1167	릊	34	0.002191
1168	밉	34	0.002191
1169	슐	34	0.002191
1170	앨	34	0.002191
1171	찻	34	0.002191
1172	캠	34	0.002191
1173	튐	34	0.002191
1174	홉	34	0.002191
1175	넷	33	0.002127
1176	눕	33	0.002127
1177	랏	33	0.002127
1178	벚	33	0.002127
1179	쉼	33	0.002127
1180	싀	33	0.002127
1181	옛	33	0.002127
1182	짭	33	0.002127
1183	탠	33	0.002127
1184	넨	32	0.002062
1185	떵	32	0.002062
1186	싼	32	0.002062
1187	쑬	32	0.002062
1188	씹	32	0.002062
1189	옻	32	0.002062
1190	츰	32	0.002062
1191	깁	31	0.001998
1192	랩	31	0.001998
1193	믿	31	0.001998
1194	뱐	31	0.001998
1195	쏭	31	0.001998
1196	얀	31	0.001998
1197	웰	31	0.001998
1198	즛	31	0.001998
1199	찝	31	0.001998
1200	챗	31	0.001998
1201	폼	31	0.001998
1202	덱	30	0.001934
1203	믄	30	0.001934
1204	믜	30	0.001934
1205	섹	30	0.001934
1206	솎	30	0.001934
1207	쓴	30	0.001934
1208	씌	30	0.001934
1209	윙	30	0.001934
1210	즌	30	0.001934
1211	쿰	30	0.001934
1212	낏	29	0.001869
1213	떽	29	0.001869
1214	룬	29	0.001869
1215	밖	29	0.001869
1216	씩	29	0.001869
1217	엥	29	0.001869
1218	젯	29	0.001869
1219	좃	29	0.001869
1220	첸	29	0.001869
1221	팎	29	0.001869
1222	둣	28	0.001805
1223	묽	28	0.001805
1224	뱌	28	0.001805
1225	붐	28	0.001805
1226	쀼	28	0.001805
1227	쨀	28	0.001805
1228	콥	28	0.001805
1229	홰	28	0.001805
1230	훗	28	0.001805
1231	갉	27	0.001740
1232	끊	27	0.001740
1233	뎃	27	0.001740
1234	묏	27	0.001740
1235	븨	27	0.001740
1236	얇	27	0.001740
1237	좆	27	0.001740
1238	쫓	27	0.001740
1239	찾	27	0.001740
1240	칡	27	0.001740
1241	탬	27	0.001740
1242	튬	27	0.001740
1243	홧	27	0.001740
1244	껀	26	0.001676
1245	맬	26	0.001676
1246	뮈	26	0.001676
1247	밝	26	0.001676
1248	뿜	26	0.001676
1249	쇳	26	0.001676
1250	엮	26	0.001676
1251	첼	26	0.001676
1252	캥	26	0.001676
1253	텡	26	0.001676
1254	훑	26	0.001676
1255	댱	25	0.001611
1256	럿	25	0.001611
1257	렙	25	0.001611
1258	맡	25	0.001611
1259	맣	25	0.001611
1260	삔	25	0.001611
1261	젼	25	0.001611
1262	쳇	25	0.001611
1263	춧	25	0.001611
1264	쾅	25	0.001611
1265	쿼	25	0.001611
1266	팜	25	0.001611
1267	펭	25	0.001611
1268	겻	24	0.001547
1269	맴	24	0.001547
1270	뺄	24	0.001547
1271	셸	24	0.001547
1272	씁	24	0.001547
1273	웁	24	0.001547
1274	잰	24	0.001547
1275	쫘	24	0.001547
1276	쵸	24	0.001547
1277	펩	24	0.001547
1278	햄	24	0.001547
1279	힝	24	0.001547
1280	깰	23	0.001482
1281	눙	23	0.001482
1282	닮	23	0.001482
1283	됴	23	0.001482
1284	딪	23	0.001482
1285	뭍	23	0.001482
1286	뺨	23	0.001482
1287	읽	23	0.001482
1288	젹	23	0.001482
1289	캔	23	0.001482
1290	캡	23	0.001482
1291	탯	23	0.001482
1292	헹	23	0.001482
1293	곬	22	0.001418
1294	괵	22	0.001418
1295	덟	22	0.001418
1296	븐	22	0.001418
1297	옌	22	0.001418
1298	왓	22	0.001418
1299	줍	22	0.001418
1300	촘	22	0.001418
1301	켠	22	0.001418
1302	톳	22	0.001418
1303	꼿	21	0.001353
1304	넋	21	0.001353
1305	늉	21	0.001353
1306	닢	21	0.001353
1307	몫	21	0.001353
1308	삣	21	0.001353
1309	쌕	21	0.001353
1310	있	21	0.001353
1311	쾨	21	0.001353
1312	탓	21	0.001353
1313	톈	21	0.001353
1314	퍅	21	0.001353
1315	헙	21	0.001353
1316	훨	21	0.001353
1317	흩	21	0.001353
1318	꿇	20	0.001289
1319	냅	20	0.001289
1320	닙	20	0.001289
1321	뎐	20	0.001289
1322	섀	20	0.001289
1323	얕	20	0.001289
1324	얻	20	0.001289
1325	옐	20	0.001289
1326	웬	20	0.001289
1327	윌	20	0.001289
1328	읏	20	0.001289
1329	잊	20	0.001289
1330	잼	20	0.001289
1331	졋	20	0.001289
1332	촛	20	0.001289
1333	컵	20	0.001289
1334	텃	20	0.001289
1335	픔	20	0.001289
1336	홋	20	0.001289
1337	깅	19	0.001225
1338	깟	19	0.001225
1339	됫	19	0.001225
1340	뒈	19	0.001225
1341	땃	19	0.001225
1342	뭄	19	0.001225
1343	셕	19	0.001225
1344	셩	19	0.001225
1345	쌉	19	0.001225
1346	썸	19	0.001225
1347	쑴	19	0.001225
1348	왇	19	0.001225
1349	졀	19	0.001225
1350	쬐	19	0.001225
1351	켤	19	0.001225
1352	퀘	19	0.001225
1353	갭	18	0.001160
1354	넥	18	0.001160
1355	눗	18	0.001160
1356	믐	18	0.001160
1357	쒜	18	0.001160
1358	옭	18	0.001160
1359	윰	18	0.001160
1360	쟉	18	0.001160
1361	죤	18	0.001160
1362	텝	18	0.001160
1363	틔	18	0.001160
1364	곗	17	0.001096
1365	귿	17	0.001096
1366	깆	17	0.001096
1367	녑	17	0.001096
1368	뇽	17	0.001096
1369	띳	17	0.001096
1370	몌	17	0.001096
1371	빽	17	0.001096
1372	셉	17	0.001096
1373	슛	17	0.001096
1374	쏴	17	0.001096
1375	씸	17	0.001096
1376	욜	17	0.001096
1377	웩	17	0.001096
1378	졍	17	0.001096
1379	쥔	17	0.001096
1380	쩜	17	0.001096
1381	츨	17	0.001096
1382	퀸	17	0.001096
1383	펫	17	0.001096
1384	픠	17	0.001096
1385	횃	17	0.001096
1386	꾐	16	0.001031
1387	낀	16	0.001031
1388	낑	16	0.001031
1389	넛	16	0.001031
1390	늪	16	0.001031
1391	듕	16	0.001031
1392	멎	16	0.001031
1393	뿡	16	0.001031
1394	쉰	16	0.001031
1395	않	16	0.001031
1396	앳	16	0.001031
1397	왝	16	0.001031
1398	웍	16	0.001031
1399	젊	16	0.001031
1400	졔	16	0.001031
1401	쥭	16	0.001031
1402	짯	16	0.001031
1403	쩝	16	0.001031
1404	쫀	16	0.001031
1405	찟	16	0.001031
1406	캬	16	0.001031
1407	큘	16	0.001031
1408	혓	16	0.001031
1409	갛	15	0.000967
1410	겋	15	0.000967
1411	깩	15	0.000967
1412	넹	15	0.000967
1413	녜	15	0.000967
1414	덫	15	0.000967
1415	뎡	15	0.000967
1416	뎨	15	0.000967
1417	먀	15	0.000967
1418	멤	15	0.000967
1419	븀	15	0.000967
1420	뼘	15	0.000967
1421	삑	15	0.000967
1422	솝	15	0.000967
1423	썬	15	0.000967
1424	쐬	15	0.000967
1425	좋	15	0.000967
1426	죡	15	0.000967
1427	쩟	15	0.000967
1428	툽	15	0.000967
1429	훙	15	0.000967
1430	갬	14	0.000902
1431	꺌	14	0.000902
1432	끙	14	0.000902
1433	냠	14	0.000902
1434	뉵	14	0.000902
1435	뎍	14	0.000902
1436	듈	14	0.000902
1437	많	14	0.000902
1438	뮬	14	0.000902
1439	봐	14	0.000902
1440	샷	14	0.000902
1441	얹	14	0.000902
1442	웜	14	0.000902
1443	잗	14	0.000902
1444	젝	14	0.000902
1445	좇	14	0.000902
1446	찢	14	0.000902
1447	쿤	14	0.000902
1448	탤	14	0.000902
1449	툰	14	0.000902
1450	헉	14	0.000902
1451	훅	14	0.000902
1452	겯	13	0.000838
1453	꽐	13	0.000838
1454	놉	13	0.000838
1455	떰	13	0.000838
1456	뙈	13	0.000838
1457	띵	13	0.000838
1458	뢴	13	0.000838
1459	샨	13	0.000838
1460	샬	13	0.000838
1461	숍	13	0.000838
1462	싣	13	0.000838
1463	앰	13	0.000838
1464	잽	13	0.000838
1465	짙	13	0.000838
1466	쩐	13	0.000838
1467	캅	13	0.000838
1468	컁	13	0.000838
1469	팻	13	0.000838
1470	퓌	13	0.000838
1471	횅	13	0.000838
1472	휠	13	0.000838
1473	궈	12	0.000773
1474	껭	12	0.000773
1475	꽤	12	0.000773
1476	꽥	12	0.000773
1477	딛	12	0.000773
1478	뗏	12	0.000773
1479	똬	12	0.000773
1480	숄	12	0.000773
1481	숑	12	0.000773
1482	앏	12	0.000773
1483	얍	12	0.000773
1484	옇	12	0.000773
1485	잭	12	0.000773
1486	죵	12	0.000773
1487	쯘	12	0.000773
1488	챌	12	0.000773
1489	츳	12	0.000773
1490	츼	12	0.000773
1491	쿡	12	0.000773
1492	퀄	12	0.000773
1493	튕	12	0.000773
1494	핥	12	0.000773
1495	헴	12	0.000773
1496	헷	12	0.000773
1497	휑	12	0.000773
1498	갚	11	0.000709
1499	꺅	11	0.000709
1500	꿔	11	0.000709
1501	꿱	11	0.000709
1502	뀀	11	0.000709
1503	끅	11	0.000709
1504	냬	11	0.000709
1505	닳	11	0.000709
1506	돕	11	0.000709
1507	뒹	11	0.000709
1508	떳	11	0.000709
1509	뤄	11	0.000709
1510	멥	11	0.000709
1511	뮌	11	0.000709
1512	뺌	11	0.000709
1513	뻣	11	0.000709
1514	섣	11	0.000709
1515	쇅	11	0.000709
1516	쇡	11	0.000709
1517	숩	11	0.000709
1518	쉑	11	0.000709
1519	쏟	11	0.000709
1520	얏	11	0.000709
1521	옳	11	0.000709
1522	웡	11	0.000709
1523	쭌	11	0.000709
1524	챔	11	0.000709
1525	춰	11	0.000709
1526	콱	11	0.000709
1527	텬	11	0.000709
1528	톄	11	0.000709
1529	퉤	11	0.000709
1530	틋	11	0.000709
1531	팟	11	0.000709
1532	굄	10	0.000645
1533	귐	10	0.000645
1534	깬	10	0.000645
1535	끎	10	0.000645
1536	낼	10	0.000645
1537	늿	10	0.000645
1538	뎀	10	0.000645
1539	돝	10	0.000645
1540	둬	10	0.000645
1541	땟	10	0.000645
1542	뜽	10	0.000645
1543	띔	10	0.000645
1544	랬	10	0.000645
1545	릐	10	0.000645
1546	및	10	0.000645
1547	뺘	10	0.000645
1548	뽁	10	0.000645
1549	삘	10	0.000645
1550	셴	10	0.000645
1551	솨	10	0.000645
1552	숏	10	0.000645
1553	쉽	10	0.000645
1554	앝	10	0.000645
1555	욍	10	0.000645
1556	욤	10	0.000645
1557	졈	10	0.000645
1558	줅	10	0.000645
1559	쥘	10	0.000645
1560	짹	10	0.000645
1561	캑	10	0.000645
1562	콸	10	0.000645
1563	킁	10	0.000645
1564	탸	10	0.000645
1565	푱	10	0.000645
1566	퓽	10	0.000645
1567	갇	9	0.000580
1568	갹	9	0.000580
1569	겪	9	0.000580
1570	괜	9	0.000580
1571	귄	9	0.000580
1572	긱	9	0.000580
1573	꽉	9	0.000580
1574	꿜	9	0.000580
1575	낸	9	0.000580
1576	됨	9	0.000580
1577	땔	9	0.000580
1578	몃	9	0.000580
1579	볍	9	0.000580
1580	붑	9	0.000580
1581	뺏	9	0.000580
1582	뺙	9	0.000580
1583	뺜	9	0.000580
1584	샴	9	0.000580
1585	숱	9	0.000580
1586	쉭	9	0.000580
1587	얗	9	0.000580
1588	얭	9	0.000580
1589	엷	9	0.000580
1590	읗	9	0.000580
1591	졉	9	0.000580
1592	좍	9	0.000580
1593	좔	9	0.000580
1594	죔	9	0.000580
1595	짖	9	0.000580
1596	쫠	9	0.000580
1597	쳥	9	0.000580
1598	캭	9	0.000580
1599	쾡	9	0.000580
1600	퀑	9	0.000580
1601	툇	9	0.000580
1602	휙	9	0.000580
1603	휭	9	0.000580
1604	겆	8	0.000516
1605	곯	8	0.000516
1606	꿋	8	0.000516
1607	늣	8	0.000516
1608	댑	8	0.000516
1609	뎝	8	0.000516
1610	듁	8	0.000516
1611	랒	8	0.000516
1612	믠	8	0.000516
1613	뱁	8	0.000516
1614	쁠	8	0.000516
1615	젬	8	0.000516
1616	좨	8	0.000516
1617	짼	8	0.000516
1618	쨈	8	0.000516
1619	쫏	8	0.000516
1620	쯧	8	0.000516
1621	쳔	8	0.000516
1622	촨	8	0.000516
1623	츄	8	0.000516
1624	칮	8	0.000516
1625	켸	8	0.000516
1626	탉	8	0.000516
1627	탭	8	0.000516
1628	텟	8	0.000516
1629	텨	8	0.000516
1630	퇘	8	0.000516
1631	툿	8	0.000516
1632	헵	8	0.000516
1633	휨	8	0.000516
1634	갠	7	0.000451
1635	겝	7	0.000451
1636	곪	7	0.000451
1637	궹	7	0.000451
1638	녈	7	0.000451
1639	덛	7	0.000451
1640	뎜	7	0.000451
1641	뎬	7	0.000451
1642	듦	7	0.000451
1643	듧	7	0.000451
1644	딥	7	0.000451
1645	몯	7	0.000451
1646	몹	7	0.000451
1647	믌	7	0.000451
1648	믓	7	0.000451
1649	붇	7	0.000451
1650	븓	7	0.000451
1651	빋	7	0.000451
1652	빧	7	0.000451
1653	쉴	7	0.000451
1654	싫	7	0.000451
1655	쏜	7	0.000451
1656	엊	7	0.000451
1657	왹	7	0.000451
1658	욋	7	0.000451
1659	읫	7	0.000451
1660	잃	7	0.000451
1661	쥣	7	0.000451
1662	짊	7	0.000451
1663	찧	7	0.000451
1664	츤	7	0.000451
1665	캣	7	0.000451
1666	켕	7	0.000451
1667	퀼	7	0.000451
1668	킵	7	0.000451
1669	훳	7	0.000451
1670	휩	7	0.000451
1671	휫	7	0.000451
1672	갗	6	0.000387
1673	긧	6	0.000387
1674	꽛	6	0.000387
1675	뀜	6	0.000387
1676	낡	6	0.000387
1677	넵	6	0.000387
1678	뇰	6	0.000387
1679	뉨	6	0.000387
1680	닁	6	0.000387
1681	댜	6	0.000387
1682	딍	6	0.000387
1683	딮	6	0.000387
1684	뚬	6	0.000387
1685	롄	6	0.000387
1686	멓	6	0.000387
1687	뷸	6	0.000387
1688	빳	6	0.000387
1689	뼉	6	0.000387
1690	삵	6	0.000387
1691	셤	6	0.000387
1692	쇽	6	0.000387
1693	슝	6	0.000387
1694	싁	6	0.000387
1695	쌤	6	0.000387
1696	쏨	6	0.000387
1697	옙	6	0.000387
1698	욘	6	0.000387
1699	욹	6	0.000387
1700	짇	6	0.000387
1701	쨋	6	0.000387
1702	쫌	6	0.000387
1703	챈	6	0.000387
1704	챵	6	0.000387
1705	츱	6	0.000387
1706	캴	6	0.000387
1707	쾰	6	0.000387
1708	큇	6	0.000387
1709	픗	6	0.000387
1710	흣	6	0.000387
1711	걍	5	0.000322
1712	걔	5	0.000322
1713	겊	5	0.000322
1714	긑	5	0.000322
1715	긿	5	0.000322
1716	껠	5	0.000322
1717	꿎	5	0.000322
1718	냑	5	0.000322
1719	냘	5	0.000322
1720	녯	5	0.000322
1721	늴	5	0.000322
1722	뎁	5	0.000322
1723	돐	5	0.000322
1724	될	5	0.000322
1725	됭	5	0.000322
1726	둡	5	0.000322
1727	뒨	5	0.000322
1728	듨	5	0.000322
1729	떫	5	0.000322
1730	먕	5	0.000322
1731	뭏	5	0.000322
1732	봅	5	0.000322
1733	붚	5	0.000322
1734	븘	5	0.000322
1735	빰	5	0.000322
1736	뼁	5	0.000322
1737	쁨	5	0.000322
1738	솰	5	0.000322
1739	쇤	5	0.000322
1740	숴	5	0.000322
1741	슌	5	0.000322
1742	쌘	5	0.000322
1743	었	5	0.000322
1744	엡	5	0.000322
1745	옅	5	0.000322
1746	옜	5	0.000322
1747	욀	5	0.000322
1748	욧	5	0.000322
1749	웹	5	0.000322
1750	윔	5	0.000322
1751	쫙	5	0.000322
1752	쭤	5	0.000322
1753	쳅	5	0.000322
1754	쳠	5	0.000322
1755	춍	5	0.000322
1756	켐	5	0.000322
1757	쿄	5	0.000322
1758	텰	5	0.000322
1759	톺	5	0.000322
1760	툐	5	0.000322
1761	튿	5	0.000322
1762	푀	5	0.000322
1763	퓰	5	0.000322
1764	핌	5	0.000322
1765	훠	5	0.000322
1766	휜	5	0.000322
1767	흗	5	0.000322
1768	굶	4	0.000258
1769	긇	4	0.000258
1770	긷	4	0.000258
1771	깸	4	0.000258
1772	껸	4	0.000258
1773	꼉	4	0.000258
1774	뀅	4	0.000258
1775	낛	4	0.000258
1776	냔	4	0.000258
1777	넴	4	0.000258
1778	놔	4	0.000258
1779	늡	4	0.000258
1780	댈	4	0.000258
1781	뎔	4	0.000258
1782	돓	4	0.000258
1783	돨	4	0.000258
1784	됩	4	0.000258
1785	둗	4	0.000258
1786	뒝	4	0.000258
1787	딀	4	0.000258
1788	딯	4	0.000258
1789	땋	4	0.000258
1790	떤	4	0.000258
1791	떻	4	0.000258
1792	똴	4	0.000258
1793	뛔	4	0.000258
1794	뛸	4	0.000258
1795	뜅	4	0.000258
1796	띨	4	0.000258
1797	띰	4	0.000258
1798	럄	4	0.000258
1799	롓	4	0.000258
1800	롸	4	0.000258
1801	맙	4	0.000258
1802	먈	4	0.000258
1803	몇	4	0.000258
1804	뮐	4	0.000258
1805	뮨	4	0.000258
1806	밠	4	0.000258
1807	뱉	4	0.000258
1808	벰	4	0.000258
1809	봏	4	0.000258
1810	뵙	4	0.000258
1811	븍	4	0.000258
1812	븥	4	0.000258
1813	븩	4	0.000258
1814	뻭	4	0.000258
1815	뽄	4	0.000258
1816	쁜	4	0.000258
1817	샙	4	0.000258
1818	셥	4	0.000258
1819	셧	4	0.000258
1820	슉	4	0.000258
1821	싶	4	0.000258
1822	쎌	4	0.000258
1823	쑈	4	0.000258
1824	쑨	4	0.000258
1825	왠	4	0.000258
1826	욷	4	0.000258
1827	웆	4	0.000258
1828	윳	4	0.000258
1829	잫	4	0.000258
1830	좽	4	0.000258
1831	쥰	4	0.000258
1832	쥴	4	0.000258
1833	즑	4	0.000258
1834	짢	4	0.000258
1835	쨤	4	0.000258
1836	쫍	4	0.000258
1837	쯜	4	0.000258
1838	쳑	4	0.000258
1839	쳘	4	0.000258
1840	츩	4	0.000258
1841	콴	4	0.000258
1842	퀀	4	0.000258
1843	킈	4	0.000258
1844	튝	4	0.000258
1845	튱	4	0.000258
1846	팃	4	0.000258
1847	팰	4	0.000258
1848	펼	4	0.000258
1849	푯	4	0.000258
1850	푿	4	0.000258
1851	핟	4	0.000258
1852	갏	3	0.000193
1853	겿	3	0.000193
1854	곻	3	0.000193
1855	괌	3	0.000193
1856	괸	3	0.000193
1857	굻	3	0.000193
1858	궃	3	0.000193
1859	귕	3	0.000193
1860	긃	3	0.000193
1861	껙	3	0.000193
1862	껨	3	0.000193
1863	꼍	3	0.000193
1864	꿑	3	0.000193
1865	끕	3	0.000193
1866	낵	3	0.000193
1867	넿	3	0.000193
1868	녓	3	0.000193
1869	녛	3	0.000193
1870	뇔	3	0.000193
1871	닺	3	0.000193
1872	덭	3	0.000193
1873	뎧	3	0.000193
1874	둪	3	0.000193
1875	뒬	3	0.000193
1876	뒿	3	0.000193
1877	떱	3	0.000193
1878	뗀	3	0.000193
1879	똔	3	0.000193
1880	뙹	3	0.000193
1881	띙	3	0.000193
1882	띤	3	0.000193
1883	룀	3	0.000193
1884	륀	3	0.000193
1885	릏	3	0.000193
1886	묄	3	0.000193
1887	묗	3	0.000193
1888	믭	3	0.000193
1889	믯	3	0.000193
1890	뱍	3	0.000193
1891	볌	3	0.000193
1892	볘	3	0.000193
1893	뵐	3	0.000193
1894	뷘	3	0.000193
1895	뷧	3	0.000193
1896	븕	3	0.000193
1897	븟	3	0.000193
1898	뺍	3	0.000193
1899	뼝	3	0.000193
1900	뽓	3	0.000193
1901	뿅	3	0.000193
1902	삸	3	0.000193
1903	샇	3	0.000193
1904	섥	3	0.000193
1905	쇰	3	0.000193
1906	숀	3	0.000193
1907	숡	3	0.000193
1908	숳	3	0.000193
1909	쉿	3	0.000193
1910	슁	3	0.000193
1911	싥	3	0.000193
1912	쎈	3	0.000193
1913	쎔	3	0.000193
1914	쏀	3	0.000193
1915	쏼	3	0.000193
1916	쒸	3	0.000193
1917	쓿	3	0.000193
1918	았	3	0.000193
1919	앚	3	0.000193
1920	엳	3	0.000193
1921	였	3	0.000193
1922	왐	3	0.000193
1923	욉	3	0.000193
1924	욥	3	0.000193
1925	웻	3	0.000193
1926	윅	3	0.000193
1927	읊	3	0.000193
1928	읒	3	0.000193
1929	쟘	3	0.000193
1930	졎	3	0.000193
1931	좡	3	0.000193
1932	죗	3	0.000193
1933	쥉	3	0.000193
1934	즁	3	0.000193
1935	짛	3	0.000193
1936	쨌	3	0.000193
1937	쯩	3	0.000193
1938	챠	3	0.000193
1939	첵	3	0.000193
1940	쳡	3	0.000193
1941	쵹	3	0.000193
1942	퀵	3	0.000193
1943	튈	3	0.000193
1944	틉	3	0.000193
1945	팁	3	0.000193
1946	팸	3	0.000193
1947	퍙	3	0.000193
1948	풂	3	0.000193
1949	픐	3	0.000193
1950	홱	3	0.000193
1951	흴	3	0.000193
1952	힁	3	0.000193
1953	힙	3	0.000193
1954	갊	2	0.000129
1955	갋	2	0.000129
1956	겇	2	0.000129
1957	겜	2	0.000129
1958	겠	2	0.000129
1959	곕	2	0.000129
1960	괏	2	0.000129
1961	굇	2	0.000129
1962	굣	2	0.000129
1963	궇	2	0.000129
1964	궉	2	0.000129
1965	궝	2	0.000129
1966	긏	2	0.000129
1967	긶	2	0.000129
1968	깇	2	0.000129
1969	꺍	2	0.000129
1970	껜	2	0.000129
1971	껫	2	0.000129
1972	껼	2	0.000129
1973	꼇	2	0.000129
1974	꿸	2	0.000129
1975	뀐	2	0.000129
1976	끍	2	0.000129
1977	낍	2	0.000129
1978	냏	2	0.000129
1979	넢	2	0.000129
1980	뇡	2	0.000129
1981	눋	2	0.000129
1982	뉫	2	0.000129
1983	늗	2	0.000129
1984	늰	2	0.000129
1985	닞	2	0.000129
1986	닯	2	0.000129
1987	댔	2	0.000129
1988	덖	2	0.000129
1989	덞	2	0.000129
1990	돠	2	0.000129
1991	뒵	2	0.000129
1992	듥	2	0.000129
1993	딲	2	0.000129
1994	딿	2	0.000129
1995	땁	2	0.000129
1996	뗄	2	0.000129
1997	뗸	2	0.000129
1998	똠	2	0.000129
1999	뙁	2	0.000129
2000	뚭	2	0.000129
2001	랠	2	0.000129
2002	랸	2	0.000129
2003	뤽	2	0.000129
2004	륄	2	0.000129
2005	릋	2	0.000129
2006	릍	2	0.000129
2007	먁	2	0.000129
2008	몱	2	0.000129
2009	뫃	2	0.000129
2010	묑	2	0.000129
2011	뭀	2	0.000129
2012	뭐	2	0.000129
2013	뭘	2	0.000129
2014	뭣	2	0.000129
2015	밇	2	0.000129
2016	밞	2	0.000129
2017	밪	2	0.000129
2018	뱜	2	0.000129
2019	볃	2	0.000129
2020	볜	2	0.000129
2021	뵘	2	0.000129
2022	붗	2	0.000129
2023	뷜	2	0.000129
2024	뷩	2	0.000129
2025	븜	2	0.000129
2026	빕	2	0.000129
2027	삷	2	0.000129
2028	샃	2	0.000129
2029	섧	2	0.000129
2030	섰	2	0.000129
2031	솁	2	0.000129
2032	솓	2	0.000129
2033	솽	2	0.000129
2034	쇵	2	0.000129
2035	숌	2	0.000129
2036	슻	2	0.000129
2037	싄	2	0.000129
2038	쎅	2	0.000129
2039	쎠	2	0.000129
2040	쐑	2	0.000129
2041	쐣	2	0.000129
2042	쑵	2	0.000129
2043	쑷	2	0.000129
2044	씃	2	0.000129
2045	씿	2	0.000129
2046	앒	2	0.000129
2047	앛	2	0.000129
2048	앱	2	0.000129
2049	얒	2	0.000129
2050	얖	2	0.000129
2051	얫	2	0.000129
2052	엾	2	0.000129
2053	옘	2	0.000129
2054	옺	2	0.000129
2055	왯	2	0.000129
2056	웋	2	0.000129
2057	웓	2	0.000129
2058	읃	2	0.000129
2059	읓	2	0.000129
2060	읖	2	0.000129
2061	잙	2	0.000129
2062	쟛	2	0.000129
2063	젇	2	0.000129
2064	젉	2	0.000129
2065	젙	2	0.000129
2066	젭	2	0.000129
2067	쥇	2	0.000129
2068	쥠	2	0.000129
2069	쥥	2	0.000129
2070	즹	2	0.000129
2071	짗	2	0.000129
2072	쪄	2	0.000129
2073	쫒	2	0.000129
2074	쭘	2	0.000129
2075	쭙	2	0.000129
2076	쯕	2	0.000129
2077	쳗	2	0.000129
2078	쵤	2	0.000129
2079	췻	2	0.000129
2080	츅	2	0.000129
2081	츈	2	0.000129
2082	츌	2	0.000129
2083	쾃	2	0.000129
2084	퀜	2	0.000129
2085	퀭	2	0.000129
2086	큿	2	0.000129
2087	탏	2	0.000129
2088	텋	2	0.000129
2089	텹	2	0.000129
2090	톧	2	0.000129
2091	톹	2	0.000129
2092	툠	2	0.000129
2093	퉈	2	0.000129
2094	퉹	2	0.000129
2095	튠	2	0.000129
2096	튤	2	0.000129
2097	퍄	2	0.000129
2098	펵	2	0.000129
2099	햅	2	0.000129
2100	헏	2	0.000129
2101	혬	2	0.000129
2102	홅	2	0.000129
2103	횩	2	0.000129
2104	훕	2	0.000129
2105	흄	2	0.000129
2106	흿	2	0.000129
2107	힉	2	0.000129
2108	걋	1	0.000064
2109	걹	1	0.000064
2110	걿	1	0.000064
2111	겄	1	0.000064
2112	겍	1	0.000064
2113	겥	1	0.000064
2114	곙	1	0.000064
2115	곩	1	0.000064
2116	곷	1	0.000064
2117	괠	1	0.000064
2118	괫	1	0.000064
2119	굠	1	0.000064
2120	굮	1	0.000064
2121	궵	1	0.000064
2122	귇	1	0.000064
2123	긄	1	0.000064
2124	긜	1	0.000064
2125	깉	1	0.000064
2126	껓	1	0.000064
2127	껗	1	0.000064
2128	껩	1	0.000064
2129	꼅	1	0.000064
2130	꼐	1	0.000064
2131	꼲	1	0.000064
2132	꽌	1	0.000064
2133	꾕	1	0.000064
2134	꾜	1	0.000064
2135	뀟	1	0.000064
2136	뀡	1	0.000064
2137	뀨	1	0.000064
2138	끠	1	0.000064
2139	냍	1	0.000064
2140	냰	1	0.000064
2141	넁	1	0.000064
2142	넠	1	0.000064
2143	넼	1	0.000064
2144	녆	1	0.000064
2145	녇	1	0.000064
2146	녙	1	0.000064
2147	녱	1	0.000064
2148	녾	1	0.000064
2149	놁	1	0.000064
2150	놰	1	0.000064
2151	뇟	1	0.000064
2152	뇸	1	0.000064
2153	눛	1	0.000064
2154	눞	1	0.000064
2155	눟	1	0.000064
2156	눠	1	0.000064
2157	눰	1	0.000064
2158	눼	1	0.000064
2159	뉜	1	0.000064
2160	뉯	1	0.000064
2161	뉼	1	0.000064
2162	늧	1	0.000064
2163	닑	1	0.000064
2164	닓	1	0.000064
2165	닣	1	0.000064
2166	닲	1	0.000064
2167	닼	1	0.000064
2168	닽	1	0.000064
2169	덗	1	0.000064
2170	덚	1	0.000064
2171	돆	1	0.000064
2172	돍	1	0.000064
2173	돚	1	0.000064
2174	돟	1	0.000064
2175	돤	1	0.000064
2176	됀	1	0.000064
2177	됑	1	0.000064
2178	됵	1	0.000064
2179	둏	1	0.000064
2180	둙	1	0.000064
2181	둛	1	0.000064
2182	둟	1	0.000064
2183	둼	1	0.000064
2184	둿	1	0.000064
2185	뒙	1	0.000064
2186	뒛	1	0.000064
2187	뒴	1	0.000064
2188	듫	1	0.000064
2189	딋	1	0.000064
2190	딭	1	0.000064
2191	딹	1	0.000064
2192	땐	1	0.000064
2193	땧	1	0.000064
2194	땱	1	0.000064
2195	땽	1	0.000064
2196	뗌	1	0.000064
2197	뙷	1	0.000064
2198	뚥	1	0.000064
2199	뚧	1	0.000064
2200	뛩	1	0.000064
2201	뜳	1	0.000064
2202	뜹	1	0.000064
2203	뜾	1	0.000064
2204	띡	1	0.000064
2205	랖	1	0.000064
2206	렀	1	0.000064
2207	렫	1	0.000064
2208	롲	1	0.000064
2209	롼	1	0.000064
2210	뢸	1	0.000064
2211	룃	1	0.000064
2212	룅	1	0.000064
2213	룔	1	0.000064
2214	뤁	1	0.000064
2215	뤂	1	0.000064
2216	뤠	1	0.000064
2217	맔	1	0.000064
2218	맗	1	0.000064
2219	맟	1	0.000064
2220	멨	1	0.000064
2221	멫	1	0.000064
2222	묀	1	0.000064
2223	묍	1	0.000064
2224	묫	1	0.000064
2225	뭊	1	0.000064
2226	뭔	1	0.000064
2227	뭬	1	0.000064
2228	뮙	1	0.000064
2229	믁	1	0.000064
2230	믉	1	0.000064
2231	믏	1	0.000064
2232	믲	1	0.000064
2233	밌	1	0.000064
2234	밗	1	0.000064
2235	밫	1	0.000064
2236	밯	1	0.000064
2237	뱆	1	0.000064
2238	뱔	1	0.000064
2239	뱝	1	0.000064
2240	뱟	1	0.000064
2241	뱡	1	0.000064
2242	벜	1	0.000064
2243	벟	1	0.000064
2244	벧	1	0.000064
2245	벹	1	0.000064
2246	볋	1	0.000064
2247	볐	1	0.000064
2248	볔	1	0.000064
2249	봊	1	0.000064
2250	봋	1	0.000064
2251	봠	1	0.000064
2252	봤	1	0.000064
2253	뵴	1	0.000064
2254	붏	1	0.000064
2255	붖	1	0.000064
2256	붘	1	0.000064
2257	붝	1	0.000064
2258	붴	1	0.000064
2259	븗	1	0.000064
2260	빟	1	0.000064
2261	빯	1	0.000064
2262	빱	1	0.000064
2263	빻	1	0.000064
2264	뻰	1	0.000064
2265	뻽	1	0.000064
2266	뼌	1	0.000064
2267	뼐	1	0.000064
2268	뽛	1	0.000064
2269	뾔	1	0.000064
2270	뾩	1	0.000064
2271	뿓	1	0.000064
2272	뿕	1	0.000064
2273	쁫	1	0.000064
2274	삠	1	0.000064
2275	삡	1	0.000064
2276	삳	1	0.000064
2277	샄	1	0.000064
2278	샆	1	0.000064
2279	샋	1	0.000064
2280	샥	1	0.000064
2281	섟	1	0.000064
2282	섨	1	0.000064
2283	섴	1	0.000064
2284	셓	1	0.000064
2285	셗	1	0.000064
2286	셟	1	0.000064
2287	셦	1	0.000064
2288	솀	1	0.000064
2289	솕	1	0.000064
2290	솗	1	0.000064
2291	솘	1	0.000064
2292	솣	1	0.000064
2293	솧	1	0.000064
2294	쇗	1	0.000064
2295	쇙	1	0.000064
2296	숗	1	0.000064
2297	숰	1	0.000064
2298	쉔	1	0.000064
2299	쉡	1	0.000064
2300	쉥	1	0.000064
2301	슳	1	0.000064
2302	슺	1	0.000064
2303	싕	1	0.000064
2304	싳	1	0.000064
2305	싴	1	0.000064
2306	쌧	1	0.000064
2307	쌰	1	0.000064
2308	쌸	1	0.000064
2309	썍	1	0.000064
2310	쎗	1	0.000064
2311	쏩	1	0.000064
2312	쏵	1	0.000064
2313	쐭	1	0.000064
2314	쑦	1	0.000064
2315	쓔	1	0.000064
2316	쓩	1	0.000064
2317	앆	1	0.000064
2318	앎	1	0.000064
2319	얅	1	0.000064
2320	얠	1	0.000064
2321	얶	1	0.000064
2322	얺	1	0.000064
2323	얿	1	0.000064
2324	엋	1	0.000064
2325	엏	1	0.000064
2326	엱	1	0.000064
2327	엵	1	0.000064
2328	엸	1	0.000064
2329	엻	1	0.000064
2330	옂	1	0.000064
2331	옄	1	0.000064
2332	옦	1	0.000064
2333	옫	1	0.000064
2334	옰	1	0.000064
2335	욼	1	0.000064
2336	욿	1	0.000064
2337	웇	1	0.000064
2338	웝	1	0.000064
2339	윁	1	0.000064
2340	윕	1	0.000064
2341	읅	1	0.000064
2342	읆	1	0.000064
2343	읋	1	0.000064
2344	읎	1	0.000064
2345	읔	1	0.000064
2346	읕	1	0.000064
2347	읜	1	0.000064
2348	읻	1	0.000064
2349	잋	1	0.000064
2350	잕	1	0.000064
2351	잩	1	0.000064
2352	잪	1	0.000064
2353	쟐	1	0.000064
2354	쟤	1	0.000064
2355	쟨	1	0.000064
2356	젂	1	0.000064
2357	젛	1	0.000064
2358	젿	1	0.000064
2359	졥	1	0.000064
2360	졧	1	0.000064
2361	좕	1	0.000064
2362	좟	1	0.000064
2363	좻	1	0.000064
2364	죈	1	0.000064
2365	죌	1	0.000064
2366	줼	1	0.000064
2367	쥅	1	0.000064
2368	즞	1	0.000064
2369	즤	1	0.000064
2370	즷	1	0.000064
2371	짥	1	0.000064
2372	쨔	1	0.000064
2373	쩩	1	0.000064
2374	쩰	1	0.000064
2375	쫗	1	0.000064
2376	쫴	1	0.000064
2377	쮸	1	0.000064
2378	쯪	1	0.000064
2379	찕	1	0.000064
2380	찣	1	0.000064
2381	찦	1	0.000064
2382	찱	1	0.000064
2383	챡	1	0.000064
2384	쳄	1	0.000064
2385	촏	1	0.000064
2386	촙	1	0.000064
2387	쵯	1	0.000064
2388	춋	1	0.000064
2389	춛	1	0.000064
2390	춥	1	0.000064
2391	췽	1	0.000064
2392	츗	1	0.000064
2393	츙	1	0.000064
2394	칟	1	0.000064
2395	칰	1	0.000064
2396	캰	1	0.000064
2397	컫	1	0.000064
2398	컽	1	0.000064
2399	켁	1	0.000064
2400	켑	1	0.000064
2401	켣	1	0.000064
2402	켯	1	0.000064
2403	켱	1	0.000064
2404	콛	1	0.000064
2405	콫	1	0.000064
2406	쾟	1	0.000064
2407	쿶	1	0.000064
2408	큭	1	0.000064
2409	턚	1	0.000064
2410	턻	1	0.000064
2411	텩	1	0.000064
2412	텽	1	0.000064
2413	툉	1	0.000064
2414	툑	1	0.000064
2415	틃	1	0.000064
2416	틄	1	0.000064
2417	틤	1	0.000064
2418	틧	1	0.000064
2419	틩	1	0.000064
2420	팣	1	0.000064
2421	펏	1	0.000064
2422	펕	1	0.000064
2423	퐅	1	0.000064
2424	푄	1	0.000064
2425	퓐	1	0.000064
2426	퓔	1	0.000064
2427	퓸	1	0.000064
2428	픤	1	0.000064
2429	픳	1	0.000064
2430	핡	1	0.000064
2431	핧	1	0.000064
2432	핳	1	0.000064
2433	햐	1	0.000064
2434	햑	1	0.000064
2435	헓	1	0.000064
2436	헗	1	0.000064
2437	헡	1	0.000064
2438	헣	1	0.000064
2439	혯	1	0.000064
2440	홠	1	0.000064
2441	횔	1	0.000064
2442	횻	1	0.000064
2443	훍	1	0.000064
2444	훛	1	0.000064
2445	훰	1	0.000064
2446	훵	1	0.000064
2447	휀	1	0.000064
2448	휵	1	0.000064
2449	흭	1	0.000064
2450	힛	1	0.000064
